Load maps
# Blender v2.81 (sub 16) OBJ File: ''
# www.blender.org
o Cube
v 0.500000 1.500000 -0.500000
v 0.500000 0.500000 -0.500000
v 0.500000 1.500000 0.500000
v 0.500000 0.500000 0.500000
v -0.500000 1.500000 -0.500000
v -0.500000 0.500000 -0.500000
v -0.500000 1.500000 0.500000
v -0.500000 0.500000 0.500000
s off
f 5 3 1
f 3 8 4
f 7 6 8
f 2 8 6
f 1 4 2
f 5 2 6
f 5 7 3
f 3 7 8
f 7 5 6
f 2 4 8
f 1 3 4
f 5 1 2
o Cube.001
v 1.000000 2.000000 -4.175310
v 1.000000 0.000000 -4.175310
v 1.000000 2.000000 -2.175310
v 1.000000 0.000000 -2.175310
v -1.000000 2.000000 -4.175310
v -1.000000 0.000000 -4.175310
v -1.000000 2.000000 -2.175310
v -1.000000 0.000000 -2.175310
s off
f 13 11 9
f 11 16 12
f 15 14 16
f 10 16 14
f 9 12 10
f 13 10 14
f 13 15 11
f 11 15 16
f 15 13 14
f 10 12 16
f 9 11 12
f 13 9 10
o Icosphere
v 0.000000 0.500000 -6.464674
v 0.361804 0.776390 -6.201811
v -0.138194 0.776390 -6.039350
v -0.447213 0.776392 -6.464674
v -0.138194 0.776390 -6.889998
v 0.361804 0.776390 -6.727537
v 0.138194 1.223610 -6.039350
v -0.361804 1.223610 -6.201811
v -0.361804 1.223610 -6.727537
v 0.138194 1.223610 -6.889998
v 0.447213 1.223608 -6.464674
v 0.000000 1.500000 -6.464674
v -0.081228 0.574673 -6.214676
v 0.212661 0.574673 -6.310168
v 0.131434 0.737131 -6.060168
v 0.425324 0.737132 -6.464674
v 0.212661 0.574673 -6.619180
v -0.262865 0.574674 -6.464674
v -0.344095 0.737132 -6.214675
v -0.081228 0.574673 -6.714672
v -0.344095 0.737132 -6.714673
v 0.131434 0.737131 -6.869180
v 0.475529 1.000000 -6.310168
v 0.475529 1.000000 -6.619180
v 0.000000 1.000000 -5.964674
v 0.293893 1.000000 -6.060165
v -0.475529 1.000000 -6.310168
v -0.293893 1.000000 -6.060165
v -0.293893 1.000000 -6.869183
v -0.475529 1.000000 -6.619180
v 0.293893 1.000000 -6.869183
v 0.000000 1.000000 -6.964674
v 0.344095 1.262868 -6.214675
v -0.131434 1.262869 -6.060168
v -0.425324 1.262868 -6.464674
v -0.131434 1.262869 -6.869180
v 0.344095 1.262868 -6.714673
v 0.081228 1.425327 -6.214676
v 0.262865 1.425326 -6.464674
v -0.212661 1.425327 -6.310168
v -0.212661 1.425327 -6.619180
v 0.081228 1.425327 -6.714672
s off
f 17 30 29
f 18 30 32
f 17 29 34
f 17 34 36
f 17 36 33
f 18 32 39
f 19 31 41
f 20 35 43
f 21 37 45
f 22 38 47
f 18 39 42
f 19 41 44
f 20 43 46
f 21 45 48
f 22 47 40
f 23 49 54
f 24 50 56
f 25 51 57
f 26 52 58
f 27 53 55
f 55 58 28
f 55 53 58
f 53 26 58
f 58 57 28
f 58 52 57
f 52 25 57
f 57 56 28
f 57 51 56
f 51 24 56
f 56 54 28
f 56 50 54
f 50 23 54
f 54 55 28
f 54 49 55
f 49 27 55
f 40 53 27
f 40 47 53
f 47 26 53
f 48 52 26
f 48 45 52
f 45 25 52
f 46 51 25
f 46 43 51
f 43 24 51
f 44 50 24
f 44 41 50
f 41 23 50
f 42 49 23
f 42 39 49
f 39 27 49
f 47 48 26
f 47 38 48
f 38 21 48
f 45 46 25
f 45 37 46
f 37 20 46
f 43 44 24
f 43 35 44
f 35 19 44
f 41 42 23
f 41 31 42
f 31 18 42
f 39 40 27
f 39 32 40
f 32 22 40
f 33 38 22
f 33 36 38
f 36 21 38
f 36 37 21
f 36 34 37
f 34 20 37
f 34 35 20
f 34 29 35
f 29 19 35
f 32 33 22
f 32 30 33
f 30 17 33
f 29 31 19
f 29 30 31
f 30 18 31
resources/maps/object.obj (0 meshs)
